PROB
TITLE
GLASS/PP THICK MULTILAYERED PLATE 3D
MESH
 9075    000000   16   2    0    0    0    0      
DYNA
    0    1    0   12
MASS
    3    0
EXEC
    1    1    0
PRNT
    0    0    0    0    0    0
PLOT
    1   80    1    1    1    1
EXIT
NODE
COOR
   11    0        0. 0.0590000        0.    4   -1
    1    0        0.        0.        0.    4   11
  265    0 0.1500000        0.        0.    4  275
  275    0 0.1500000 0.0590000        0.    4 
 8811    0        0. 0.0590000      0.01    4
 8801    0        0.        0.      0.01    4
 9065    0 0.1500000        0.      0.01    4
 9075    0 0.1500000 0.0590000      0.01 
EXIT
ELEM
ELST
    1  330   60  333    2    0    1   1.   0.   0.   0.   1.   0.
    2  330   60  333    2    0    1   0.   1.   0.   1.   0.   0.
    3  330   60  333    2    0    1   1.   0.   0.   0.   1.   0.
    4  330   60  333    2    0    1   0.   1.   0.   1.   0.   0.
    5  330   60  333    2    0    1   1.   0.   0.   0.   1.   0.
    6  330   60  333    2    0    1   0.   1.   0.   1.   0.   0.
    7  330   60  333    2    0    1   1.   0.   0.   0.   1.   0.
    8  330   60  333    2    0    1   0.   1.   0.   1.   0.   0.
    9  330   60  333    2    0    1   0.   1.   0.   1.   0.   0.
   10  330   60  333    2    0    1   1.   0.   0.   0.   1.   0.
   11  330   60  333    2    0    1   0.   1.   0.   1.   0.   0.
   12  330   60  333    2    0    1   1.   0.   0.   0.   1.   0.
   13  330   60  333    2    0    1   0.   1.   0.   1.   0.   0.
   14  330   60  333    2    0    1   1.   0.   0.   0.   1.   0.
   15  330   60  333    2    0    1   0.   1.   0.   1.   0.   0.
   16  330   60  333    2    0    1   1.   0.   0.   0.   1.   0.
MATL
    1  2.1e+011       0.3      7850     0.833    0
   -2    26.7E9    6.98E9    6.98E9
           0.41      0.35      0.10
         2.54E9    2.07E9    3.39E9
          1510.     1.000
BLCK
    3   12    5    1    0    0    0
    1  265  275  825
BLCK
    3   12    5    1    0    0    0
  551  815  825 1375
BLCK
    3   12    5    1    0    0    0
 1101 1365 1375 1925
BLCK
    3   12    5    1    0    0    0
 1651 1915 1925 2475
BLCK
    3   12    5    1    0    0    0
 2201 2465 2475 3025
BLCK
    3   12    5    1    0    0    0
 2751 3015 3025 3575
BLCK
    3   12    5    1    0    0    0
 3301 3565 3575 4125
BLCK
    3   12    5    1    0    0    0
 3851 4115 4125 4675
BLCK
    3   12    5    1    0    0    0
 4401 4665 4675 5225
BLCK
    3   12    5    1    0    0    0
 4951 5215 5225 5775
BLCK
    3   12    5    1    0    0    0
 5501 5765 5775 6325
BLCK
    3   12    5    1    0    0    0
 6051 6315 6325 6875
BLCK
    3   12    5    1    0    0    0
 6601 6865 6875 7425
BLCK
    3   12    5    1    0    0    0
 7151 7415 7425 7975
BLCK
    3   12    5    1    0    0    0
 7701 7965 7975 8525
BLCK
    3   12    5    1    0    0    0
 8251 8515 8525 9075
EXIT
ALGO
EIGV
   99   40    3    1.E-12    1    1    1    -1.E+6    0  0.000000  0.000000    0
STOP
