PROB
TITL
GLASS/PP THICK MULTILAYERED PLATE
MESH
  275    000000    1   2    0    1    1    1      
DYNA
    0    1    0   12
MASS
    3    0
EXEC
    1    0    0
PRNT
    0    0    0    0    0    0
PLOT
    1   80    1    1    1    1
EXIT
NODE
COOR
   11    0        0. 0.0590000        0.    2   -1
    1    0        0.        0.        0.    2   11
  265    0 0.1500000        0.        0.    2
  275    0 0.1500000 0.0590000        0. 
MIDV
    1    0 +0.000000  0.000000  1.0000000.0100000    0
MIDN
    1    1    1
  275    1    0
EXIT
ELEM
ELST
    1  260   60  333    0    1    1   1.   0.   0.   0.   0.   0.
MATL
    1  2.1e+011       0.3      7850     0.833    0
   -2    26.7E9    6.98E9    6.98E9
           0.41      0.35      0.10
         2.54E9    2.07E9    3.39E9
          1510.     1.000
COMP
    1    2        0.  0.000625    1
    1    2       90.  0.000625    2  
    1    2        0.  0.000625    3
    1    2       90.  0.000625    4  
    1    2        0.  0.000625    5
    1    2       90.  0.000625    6  
    1    2        0.  0.000625    7
    1    2       90.  0.001250    8  
    1    2        0.  0.000625    9
    1    2       90.  0.000625   10  
    1    2        0.  0.000625   11
    1    2       90.  0.000625   12  
    1    2        0.  0.000625   13
    1    2       90.  0.000625   14  
    1    2        0.  0.000625   15
BLCK
    2   12    5    0    0    0    0
    1  265  275
EXIT
ALGO
EIGV
   99   12    0  0.000000    1    1    1    -1.E+4    0  0.000000  0.000000    0
STOP
